36,5
36,4
36,3
36,1
35,4
35,3
35,1
34,91
34,90
34,89
34,88
34,87
34,86
34,85
34,84
34,83
34,82
34,81
34,80
34,79
34,78
34,77
34,76
34,75
34,74
34,73
34,72
34,71
34,70
34,69
34,68
34,5
3,2
3,1
34,4
3,3
34,3
34,1
32,5
32,3
32,1
30,3
10,100
30,1
29,5
10,166
29,4
29,3
10,184
29,1
28,5
10,106
28,3
10,252
28,1
10,254
10,226
11,9
11,22
11,28
11,21
26,4
9,2
26,3
26,1
8,4
8,12
8,17
8,2
8,3
0,320
25,4
25,3
25,1
14,5
12,3
12,2
12,1
11,26
11,24
11,23
11,19
11,18
11,17
11,16
11,15
11,14
11,13
11,12
11,11
11,3
11,2
11,1
10,286
20,2
20,1
20,3
19,2
19,1
19,3
10,274
10,232
10,230
10,224
10,186
10,180
10,178
10,172
18,1
